3000000.0 5389858
3000000.0 5390060
3000000.0 5390276
3000000.0 5390487
3000000.0 5390697
3000000.0 5390898
3000000.0 5391118
3000000.0 5391319
3000000.0 5391535
3000000.0 5391736
3000000.0 5391937
3000000.0 5392138
3000000.0 5392339
3000000.0 5392556
3000000.0 5392757
3000000.0 5392958
3000000.0 5393160
3000000.0 5393376
3000000.0 5393587
3000000.0 5393788
3000000.0 5393989
3000000.0 5394190
3000000.0 5394397
3000000.0 5394598
3000000.0 5394799
3000000.0 5395020
3000000.0 5395235
3000000.0 5395437
3000000.0 5395658
3000000.0 5395876
3000000.0 5396077
3000000.0 5396279
3000000.0 5396491
3000000.0 5396692
3000000.0 5396893
3000000.0 5397094
3000000.0 5397296
3000000.0 5397497
3000000.0 5397698
3000000.0 5397899
3000000.0 5398116
3000000.0 5398317
3000000.0 5398518
3000000.0 5398720
3000000.0 5398937
3000000.0 5399139
3000000.0 5399356
3000000.0 5399557
3000000.0 5399776
3000000.0 5399976
3000000.0 5400177
3000000.0 5400379
3000000.0 5400590
3000000.0 5400791
3000000.0 5400992
3000000.0 5401194
3000000.0 5401395
3000000.0 5401597
3000000.0 5401799
3000000.0 5402016
3000000.0 5402218
3000000.0 5402419
3000000.0 5402636
3000000.0 5402838
3000000.0 5403040
3000000.0 5403257
3000000.0 5403458
3000000.0 5403676
3000000.0 5403879
3000000.0 5404091
3000000.0 5404292
3000000.0 5404493
3000000.0 5404694
3000000.0 5404899
3000000.0 5405116
3000000.0 5405316
3000000.0 5405518
3000000.0 5405719
3000000.0 5405936
3000000.0 5406138
3000000.0 5406339
3000000.0 5406540
3000000.0 5406757
3000000.0 5406959
3000000.0 5407175
3000000.0 5407391
3000000.0 5407592
3000000.0 5407794
3000000.0 5407996
3000000.0 5408197
3000000.0 5408399
3000000.0 5408619
3000000.0 5408836
3000000.0 5409037
3000000.0 5409238
3000000.0 5409439
3000000.0 5409640
